%YAML:1.0
K: !!opencv-matrix
   rows: 3
   cols: 3
   dt: d
   data: [ 2.7981869148132796e+03, 0., 3.8438709191248506e+02, 0.,
       4.1266331537831720e+03, 2.7778268341597641e+02, 0., 0., 1. ]
D: !!opencv-matrix
   rows: 1
   cols: 5
   dt: d
   data: [ -1.1932745928659996e+01, 4.9461735583439697e+01,
       2.2406912289551628e-01, -1.9761147445676433e-01,
       2.5120465846863914e+04 ]
board_width: 7
board_height: 7
square_size: 120.
