%YAML:1.0
M: !!opencv-matrix
   rows: 3
   cols: 3
   dt: d
   data: [ 3.8740112160943551e+02, 0., 3.6896277900102075e+02, 0.,
       3.8740112160943551e+02, 2.3552259992433409e+02, 0., 0., 1. ]
D: !!opencv-matrix
   rows: 5
   cols: 1
   dt: d
   data: [ 3.3843965933675703e+04, -7.0637454309478834e+07,
       2.3563174240487725e+14, 1.3989008346579308e+00,
       -2.1333482585594407e-01 ]
